Vector Kr : 
247
254
152
4
90
249
18
102
241
59
44
123
218
72
216
41
111
94
99
199
223
72
252
184
143
87
57
217
197
15
197
255
79
161
122
4
184
211
241
249
210
254
100
223
36
120
176
48
45
238
191
49
9
172
41
3
216
135
175
224
248
112
234
144
106
206
95
96
132
108
111
7
252
28
1
182
101
184
163
213
216
42
60
111
22
28
11
157
152
22
143
34
82
141
239
128
91
156
229
25
131
115
67
118
85
144
81
96
188
23
232
10
237
249
130
111
239
113
71
43
137
99
8
134
232
15
199
78
36
205
152
188
243
73
230
184
55
64
178
53
56
166
250
163
94
11
236
212
47
134
98
206
223
198
45
87
179
171
231
162
135
104
14
71
73
31
34
43
59
173
48
60
104
155
142
123
72
217
101
192
104
243
80
249
7
164
199
222
162
224
157
147
209
193
179
201
147
118
78
63
249
175
4
196
39
87
62
42
225
31
222
141
227
176
222
146
106
28
179
133
63
170
68
75
Vector Kc : 
84
50
44
125
199
12
187
196
115
247
6
237
125
205
34
171
144
124
31
191
148
2
9
160
15
188
171
196
193
91
16
168
156
157
104
24
201
238
140
67
220
30
114
78
122
217
7
92
180
216
212
93
17
52
240
64
122
65
221
203
143
13
167
156
114
242
139
169
245
124
57
248
48
230
116
64
29
183
119
149
188
212
239
250
48
69
0
89
101
153
128
181
60
136
57
110
138
16
89
8
28
72
218
33
199
159
85
104
50
36
24
74
233
177
83
228
224
167
26
10
55
205
155
6
11
52
78
131
0
11
63
114
186
129
6
81
136
201
148
55
172
9
165
214
82
89
176
239
139
149
22
101
35
234
129
6
240
74
3
183
158
99
124
15
163
21
212
198
3
81
11
239
18
190
109
130
93
15
222
245
153
95
134
194
160
76
179
193
182
155
169
14
200
136
248
98
179
173
230
167
44
58
69
238
124
156
192
2
45
243
121
202
128
89
164
191
165
149
57
52
107
42
29
116
217
ITER_MAX : 
1
